# X Y FLUX (brightest first, 0-indexed px)
490.008 647.714 1065713.000
359.001 769.171 582865.000
264.391 246.886 544491.000
610.378 299.171 435791.000
269.236 553.704 403810.000
696.519 347.730 294320.000
898.956 763.394 260555.000
235.315 838.914 257739.000
970.289 692.273 225054.000
256.832 890.435 224293.000
619.615 559.584 219716.000
837.994 717.419 114834.000
985.078 532.582 105988.000
529.114 410.389 100418.000
110.469 623.832 95520.000
176.227 137.976 94608.000
598.345 316.625 87325.000
761.171 834.763 85189.000
844.065 450.449 76350.000
56.951 597.340 64983.000
314.000 341.000 44007.000
409.000 577.000 38554.000
85.863 433.211 26428.000
378.748 545.258 24848.000
567.399 983.065 17623.000
246.000 642.000 16738.000
994.000 606.000 16472.000
67.000 801.000 16193.000
983.562 233.477 13625.000
620.000 153.000 13295.000
495.000 552.000 11577.000
762.000 346.000 10712.000
417.000 895.000 8613.000
247.000 836.000 7832.000
986.187 297.762 7762.000
124.000 302.000 6588.000
