# X Y FLUX (brightest first, 0-indexed px)
189.345 269.315 545080.000
287.898 310.183 317888.000
286.392 49.631 222258.000
470.551 471.433 204069.000
405.526 285.936 104273.000
317.555 268.545 82693.000
81.027 351.887 60435.000
186.620 424.104 58997.000
168.394 338.979 47428.000
193.194 384.210 35918.000
105.819 496.437 22402.000
168.945 294.532 21323.000
378.990 226.142 18572.000
41.026 151.223 18474.000
479.545 211.232 17240.000
295.028 455.317 16408.000
477.449 414.759 14221.000
335.261 185.906 14092.000
134.910 470.998 12460.000
89.436 156.303 12283.000
402.256 224.599 12199.000
344.524 369.290 11729.000
181.825 468.144 10713.000
281.378 240.449 10499.000
175.646 24.801 8748.000
