# X Y FLUX (brightest first, 0-indexed px)
500.578 136.788 425502.000
268.019 628.298 164099.000
747.975 532.599 109977.000
788.659 259.065 78845.000
443.408 815.495 58242.000
28.152 323.742 52926.000
146.521 282.326 52833.000
747.370 972.934 51402.000
60.672 89.717 49490.000
395.259 883.314 37204.000
511.666 409.145 28664.000
30.023 646.914 28083.000
389.579 629.542 25859.000
738.703 720.060 24626.000
818.610 213.609 23334.000
940.939 724.479 21561.000
227.512 834.063 18421.000
428.420 37.084 16211.000
279.807 919.530 15798.000
624.126 513.186 12338.000
960.236 654.183 6801.000
468.735 27.867 6470.000
359.952 441.258 5306.000
762.755 791.658 4860.000
984.448 24.215 3956.000
945.945 777.581 3809.000
493.531 395.462 3527.000
581.816 40.450 3362.000
767.856 369.967 2574.000
262.289 764.298 1702.000
820.066 695.732 907.000
833.075 824.439 892.000
247.208 613.574 808.000
601.669 592.660 643.000
154.689 372.672 612.000
417.931 892.822 415.000
